Cubic C01H 2 ['H', ['F01', 1.0, 1, 0, 0], ['F02', 1.0, 2, 0, 0]]
Cubic C01V 2 ['V', ['F01', 1.0, 1, 0, 0], ['F02', 1.0, 2, 0, 0]]
Cubic C02H 3 ['H', ['F01', 1.0, 1, 0, 0], ['F02', 1.0, 2, 0, 0], ['F03', 1.0, 3, 0, 0]]
Cubic C02V 3 ['V', ['F01', 1.0, 1, 0, 0], ['F02', 1.0, 2, 0, 0], ['F03', 1.0, 3, 0, 0]]
Cubic C03H 3 ['H', ['F01', 1.0, 1, 0, 0], ['F02', 1.0, 2, 1, 0], ['F03', 1.0, 2, 2, 0]]
Cubic C03V 3 ['V', ['F01', 1.0, 1, 0, 0], ['F02', 1.0, 2, 1, 0], ['F03', 1.0, 2, 2, 0]]
Cubic C04H 3 ['H', ['F01', 1.0, 1, 1, 0], ['F02', 1.0, 1, 2, 0], ['F03', 1.0, 2, 0, 0]]
Cubic C04V 3 ['V', ['F01', 1.0, 1, 1, 0], ['F02', 1.0, 1, 2, 0], ['F03', 1.0, 2, 0, 0]]
Cubic C05H 4 ['H', ['F01', 1.0, 1, 0, 0], ['F02', 1.0, 2, 0, 0], ['F03', 1.0, 3, 0, 0], ['F04', 1.0, 4, 0, 0]]
Cubic C05V 4 ['V', ['F01', 1.0, 1, 0, 0], ['F02', 1.0, 2, 0, 0], ['F03', 1.0, 3, 0, 0], ['F04', 1.0, 4, 0, 0]]
Cubic C06H 4 ['H', ['F01', 1.0, 1, 0, 0], ['F02', 1.0, 2, 0, 0], ['F03', 1.0, 3, 1, 0], ['F04', 1.0, 3, 2, 0]]
Cubic C06V 4 ['V', ['F01', 1.0, 1, 0, 0], ['F02', 1.0, 2, 0, 0], ['F03', 1.0, 3, 1, 0], ['F04', 1.0, 3, 2, 0]]
Cubic C07H 4 ['H', ['F01', 1.0, 1, 0, 0], ['F02', 1.0, 2, 1, 0], ['F03', 1.0, 2, 2, 0], ['F04', 1.0, 3, 0, 0]]
Cubic C07V 4 ['V', ['F01', 1.0, 1, 0, 0], ['F02', 1.0, 2, 1, 0], ['F03', 1.0, 2, 2, 0], ['F04', 1.0, 3, 0, 0]]
Cubic C08H 4 ['H', ['F01', 1.0, 1, 1, 0], ['F02', 1.0, 1, 2, 0], ['F03', 1.0, 2, 0, 0], ['F04', 1.0, 3, 0, 0]]
Cubic C08V 4 ['V', ['F01', 1.0, 1, 1, 0], ['F02', 1.0, 1, 2, 0], ['F03', 1.0, 2, 0, 0], ['F04', 1.0, 3, 0, 0]]
Cubic C09H 5 ['H', ['F01', 1.0, 1, 0, 0], ['F02', 1.0, 2, 0, 0], ['F03', 1.0, 3, 0, 0], ['F04', 1.0, 4, 0, 0], ['F05', 1.0, 5, 0, 0]]
Cubic C09V 5 ['V', ['F01', 1.0, 1, 0, 0], ['F02', 1.0, 2, 0, 0], ['F03', 1.0, 3, 0, 0], ['F04', 1.0, 4, 0, 0], ['F05', 1.0, 5, 0, 0]]
Cubic C10H 5 ['H', ['F01', 1.0, 1, 0, 0], ['F02', 1.0, 2, 0, 0], ['F03', 1.0, 3, 0, 0], ['F04', 1.0, 4, 1, 0], ['F05', 1.0, 4, 2, 0]]
Cubic C10V 5 ['V', ['F01', 1.0, 1, 0, 0], ['F02', 1.0, 2, 0, 0], ['F03', 1.0, 3, 0, 0], ['F04', 1.0, 4, 1, 0], ['F05', 1.0, 4, 2, 0]]
Cubic C11H 5 ['H', ['F01', 1.0, 1, 0, 0], ['F02', 1.0, 2, 0, 0], ['F03', 1.0, 3, 1, 0], ['F04', 1.0, 3, 2, 0], ['F05', 1.0, 4, 0, 0]]
Cubic C11V 5 ['V', ['F01', 1.0, 1, 0, 0], ['F02', 1.0, 2, 0, 0], ['F03', 1.0, 3, 1, 0], ['F04', 1.0, 3, 2, 0], ['F05', 1.0, 4, 0, 0]]
Cubic C12H 5 ['H', ['F01', 1.0, 1, 0, 0], ['F02', 1.0, 2, 1, 0], ['F03', 1.0, 2, 2, 0], ['F04', 1.0, 3, 0, 0], ['F05', 1.0, 4, 0, 0]]
Cubic C12V 5 ['V', ['F01', 1.0, 1, 0, 0], ['F02', 1.0, 2, 1, 0], ['F03', 1.0, 2, 2, 0], ['F04', 1.0, 3, 0, 0], ['F05', 1.0, 4, 0, 0]]
Cubic C13H 5 ['H', ['F01', 1.0, 1, 1, 0], ['F02', 1.0, 1, 2, 0], ['F03', 1.0, 2, 0, 0], ['F04', 1.0, 3, 0, 0], ['F05', 1.0, 4, 0, 0]]
Cubic C13V 5 ['V', ['F01', 1.0, 1, 1, 0], ['F02', 1.0, 1, 2, 0], ['F03', 1.0, 2, 0, 0], ['F04', 1.0, 3, 0, 0], ['F05', 1.0, 4, 0, 0]]
Cubic C14H 5 ['H', ['F01', 1.0, 1, 0, 0], ['F02', 1.0, 2, 1, 0], ['F03', 1.0, 2, 2, 0], ['F04', 1.0, 3, 1, 0], ['F05', 1.0, 3, 2, 0]]
Cubic C14V 5 ['V', ['F01', 1.0, 1, 0, 0], ['F02', 1.0, 2, 1, 0], ['F03', 1.0, 2, 2, 0], ['F04', 1.0, 3, 1, 0], ['F05', 1.0, 3, 2, 0]]
Cubic C15H 5 ['H', ['F01', 1.0, 1, 1, 0], ['F02', 1.0, 1, 2, 0], ['F03', 1.0, 2, 0, 0], ['F04', 1.0, 3, 1, 0], ['F05', 1.0, 3, 2, 0]]
Cubic C15V 5 ['V', ['F01', 1.0, 1, 1, 0], ['F02', 1.0, 1, 2, 0], ['F03', 1.0, 2, 0, 0], ['F04', 1.0, 3, 1, 0], ['F05', 1.0, 3, 2, 0]]
Cubic C16H 5 ['H', ['F01', 1.0, 1, 0, 0], ['F02', 1.0, 2, 0, 0], ['F03', 1.0, 3, 1, 0], ['F04', 1.0, 3, 2, 1], ['F05', 1.0, 3, 2, 2]]
Cubic C16V 5 ['V', ['F01', 1.0, 1, 0, 0], ['F02', 1.0, 2, 0, 0], ['F03', 1.0, 3, 1, 0], ['F04', 1.0, 3, 2, 1], ['F05', 1.0, 3, 2, 2]]
Cubic C17H 5 ['H', ['F01', 1.0, 1, 0, 0], ['F02', 1.0, 2, 0, 0], ['F03', 1.0, 3, 1, 1], ['F04', 1.0, 3, 1, 2], ['F05', 1.0, 3, 2, 0]]
Cubic C17V 5 ['V', ['F01', 1.0, 1, 0, 0], ['F02', 1.0, 2, 0, 0], ['F03', 1.0, 3, 1, 1], ['F04', 1.0, 3, 1, 2], ['F05', 1.0, 3, 2, 0]]
Cubic C18H 5 ['H', ['F01', 1.0, 1, 0, 0], ['F02', 1.0, 2, 1, 1], ['F03', 1.0, 2, 1, 2], ['F04', 1.0, 2, 2, 0], ['F05', 1.0, 3, 0, 0]]
Cubic C18V 5 ['V', ['F01', 1.0, 1, 0, 0], ['F02', 1.0, 2, 1, 1], ['F03', 1.0, 2, 1, 2], ['F04', 1.0, 2, 2, 0], ['F05', 1.0, 3, 0, 0]]
Cubic C19H 5 ['H', ['F01', 1.0, 1, 0, 0], ['F02', 1.0, 2, 1, 1], ['F03', 1.0, 2, 1, 2], ['F04', 1.0, 2, 2, 1], ['F05', 1.0, 2, 2, 2]]
Cubic C19V 5 ['V', ['F01', 1.0, 1, 0, 0], ['F02', 1.0, 2, 1, 1], ['F03', 1.0, 2, 1, 2], ['F04', 1.0, 2, 2, 1], ['F05', 1.0, 2, 2, 2]]
Cubic C20H 5 ['H', ['F01', 1.0, 1, 1, 1], ['F02', 1.0, 1, 1, 2], ['F03', 1.0, 1, 2, 0], ['F04', 1.0, 2, 1, 0], ['F05', 1.0, 2, 2, 0]]
Cubic C20V 5 ['V', ['F01', 1.0, 1, 1, 1], ['F02', 1.0, 1, 1, 2], ['F03', 1.0, 1, 2, 0], ['F04', 1.0, 2, 1, 0], ['F05', 1.0, 2, 2, 0]]
NonCubic N01 2 [['F01', 0.0, 1.0], ['F02', 0.0, 1.0]]
NonCubic N02 2 [['F01', 45.0, 1.0], ['F02', 0.0, 1.0]]
NonCubic N03 3 [['F01', 45.0, 1.0], ['F02', 30.0, 1.0], ['F03', 0.0, 1.0]]
NonCubic N04 4 [['F01', 45.0, 1.0], ['F02', -45.0, 1.0], ['F03', 0.0, 1.0], ['F04', 0.0, 1.0]]
NonCubic N05 5 [['F01', 45.0, 1.0], ['F02', -45.0, 1.0], ['F03', 120.0, 1.0], ['F04', -120.0, 1.0], ['F05', 0.0, 1.0]]
NonCubic N06 6 [['F01', 45.0, 1.0], ['F02', -45.0, 1.0], ['F03', 120.0, 1.0], ['F04', -120.0, 1.0], ['F05', -180.0, 1.0], ['F06', 0.0, 1.0]]
